[gd_scene format=3 uid="uid://7klqce3hjjo7"]

[ext_resource type="Script" uid="uid://dcfdgrhu4kang" path="res://addons/godot-xr-tools/objects/pickable.gd" id="1_3u8c8"]

[sub_resource type="BoxShape3D" id="BoxShape3D_3u8c8"]
size = Vector3(0.02, 0.23411866, 0.23381835)

[sub_resource type="StandardMaterial3D" id="StandardMaterial3D_3u8c8"]
albedo_color = Color(0, 0.6117647, 1, 1)
stencil_flags = 2

[sub_resource type="BoxMesh" id="BoxMesh_3u8c8"]
material = SubResource("StandardMaterial3D_3u8c8")
size = Vector3(0.02, 0.3, 0.03)

[sub_resource type="StandardMaterial3D" id="StandardMaterial3D_byhjp"]
albedo_color = Color(0, 0.6117647, 1, 1)

[sub_resource type="BoxMesh" id="BoxMesh_byhjp"]
material = SubResource("StandardMaterial3D_byhjp")
size = Vector3(0.02, 0.3, 0.03)

[sub_resource type="StandardMaterial3D" id="StandardMaterial3D_ksvtp"]
albedo_color = Color(0, 0.6117647, 1, 1)

[sub_resource type="BoxMesh" id="BoxMesh_ksvtp"]
material = SubResource("StandardMaterial3D_ksvtp")
size = Vector3(0.02, 0.075, 0.03)

[sub_resource type="BoxShape3D" id="BoxShape3D_byhjp"]
size = Vector3(0.02, 0.23259278, 0.23271972)

[node name="Flag" type="RigidBody3D" unique_id=600107984]
collision_layer = 327685
collision_mask = 327685
mass = 0.001
gravity_scale = 0.0
freeze = true
script = ExtResource("1_3u8c8")
picked_up_layer = 65540
metadata/_custom_type_script = "uid://dcfdgrhu4kang"

[node name="CollisionShape3D" type="CollisionShape3D" parent="." unique_id=1110649425]
transform = Transform3D(1, 0, 0, 0, 0.70710677, -0.70710677, 0, 0.70710677, 0.70710677, 0, -0.00014414918, 0.00015277881)
shape = SubResource("BoxShape3D_3u8c8")

[node name="MeshInstance3D" type="MeshInstance3D" parent="." unique_id=373634327]
mesh = SubResource("BoxMesh_3u8c8")

[node name="MeshInstance3D2" type="MeshInstance3D" parent="MeshInstance3D" unique_id=810929766]
transform = Transform3D(1, 0, 0, 0, -4.371139e-08, -1, 0, 1, -4.371139e-08, 0, 0, 0)
mesh = SubResource("BoxMesh_byhjp")

[node name="MeshInstance3D3" type="MeshInstance3D" parent="MeshInstance3D" unique_id=1870011581]
transform = Transform3D(1, 0, 0, 0, 0.70710677, -0.70710677, 0, 0.70710677, 0.70710677, 0, 0.112905435, -0.03095911)
mesh = SubResource("BoxMesh_ksvtp")

[node name="MeshInstance3D4" type="MeshInstance3D" parent="MeshInstance3D" unique_id=1826313567]
transform = Transform3D(1, 0, 0, 0, 0.7071067, 0.7071067, 0, -0.7071067, 0.7071067, 0, 0.113, 0.031)
mesh = SubResource("BoxMesh_ksvtp")

[node name="MeshInstance3D5" type="MeshInstance3D" parent="MeshInstance3D" unique_id=1004071836]
transform = Transform3D(-0.9999774, 0.0047637373, -0.0047637373, -0.006736934, -0.70709074, 0.70709074, 0, 0.70710677, 0.70710677, -3.1830632e-07, -0.11300979, -0.03095911)
mesh = SubResource("BoxMesh_ksvtp")

[node name="MeshInstance3D6" type="MeshInstance3D" parent="MeshInstance3D" unique_id=461521168]
transform = Transform3D(-0.9999773, 0.0047637224, 0.0047637224, -0.006736934, -0.7070906, -0.7070906, 0, -0.7071067, 0.7071067, 3.1830632e-07, -0.11310435, 0.031)
mesh = SubResource("BoxMesh_ksvtp")

[node name="MeshInstance3D7" type="MeshInstance3D" parent="MeshInstance3D" unique_id=1297867124]
transform = Transform3D(1, 0, 0, 0, 0.7113149, 0.70287347, 0, -0.70287347, 0.7113149, 0, -0.030852884, -0.11301931)
mesh = SubResource("BoxMesh_ksvtp")

[node name="MeshInstance3D8" type="MeshInstance3D" parent="MeshInstance3D" unique_id=1556234208]
transform = Transform3D(1, 0, 0, 0, -0.7028734, 0.71131486, 0, -0.71131486, -0.7028734, 0, 0.031105682, -0.11274404)
mesh = SubResource("BoxMesh_ksvtp")

[node name="MeshInstance3D9" type="MeshInstance3D" parent="MeshInstance3D" unique_id=676780457]
transform = Transform3D(-0.99999994, 7.0780516e-08, -7.0780516e-08, 0, 0.7113149, 0.70287347, 1.0151416e-07, 0.70287347, -0.7113149, 2.6147973e-11, -0.030852884, 0.11306017)
mesh = SubResource("BoxMesh_ksvtp")

[node name="MeshInstance3D10" type="MeshInstance3D" parent="MeshInstance3D" unique_id=496220881]
transform = Transform3D(-0.99999994, 7.171184e-08, 7.0780516e-08, 4.6561383e-10, -0.70287335, 0.7113148, 9.9651515e-08, 0.7113148, 0.70287335, -2.6147973e-11, 0.031105682, 0.1127849)
mesh = SubResource("BoxMesh_ksvtp")

[node name="FlagArea" type="Area3D" parent="." unique_id=2007012940]
collision_layer = 5
collision_mask = 5

[node name="CollisionShape3D" type="CollisionShape3D" parent="FlagArea" unique_id=905811229]
transform = Transform3D(1, 0, 0, 0, 0.70710677, -0.70710677, 0, 0.70710677, 0.70710677, 0, 0.0003003832, 0.0005109962)
shape = SubResource("BoxShape3D_byhjp")
